0,517
0,516
0,515
0,514
0,513
0,512
0,509
0,508
0,507
0,506
0,505
0,501
0,500
0,499
0,498
0,497
0,496
0,494
0,493
0,492
0,491
0,490
0,487
0,486
0,452
0,447
0,444
0,439
0,434
0,432
0,430
0,427
0,424
0,423
0,421
0,419
0,418
0,415
0,414
0,408
0,406
0,405
0,404
0,401
0,400
0,398
0,396
0,395
0,392
0,391
0,389
0,388
0,386
0,385
0,384
0,383
0,382
0,379
0,378
0,377
0,375
0,374
0,373
0,371
0,370
0,369
0,368
0,360
0,359
0,358
0,356
0,354
240,5
0,351
269,1
240,4
0,347
269,82
269,3
0,345
0,474
0,341
269,0
240,1
240,3
0,466
240,0
0,340
2,17
0,339
250,88
0,337
250,1
0,334
250,130
0,331
250,6
0,328
0,372
0,322
250,3
0,317
0,503
0,469
0,243
250,0
1,1
1,3
1,0
2,1
2,11
2,3
2,0
0,9
0,310
0,305
0,458
0,504
0,308
0,304
0,303
0,302
0,307
0,502
0,12
0,461
0,10
0,8
0,0
0,476
0,300
0,437
0,299
0,298
0,480
0,297
0,467
0,296
0,295
0,436
0,294
0,327
0,293
0,479
0,292
0,381
0,291
0,478
0,290
0,387
0,289
0,464
0,288
0,426
0,287
0,286
0,380
0,285
0,364
0,284
0,442
0,283
0,316
0,282
0,485
0,281
0,344
0,280
0,420
0,279
0,435
0,278
0,325
0,518
0,519
0,521
0,522
0,524
0,525
0,527
0,529
0,530
0,532
0,533
0,535
0,537
0,538
0,540
0,541
0,543
0,544
0,546
0,548
0,549
0,551
0,552
2,2
2,5
2,6
2,8
2,9
2,12
2,13
2,15
2,18
2,19
4,0
4,1
91,0
91,2
91,3
91,5
106,0
106,2
106,3
106,5
106,7
106,8
106,10
109,0
109,2
109,4
109,5
112,0
112,1
112,3
112,5
112,6
113,1
113,2
113,4
113,5
113,7
121,1
121,2
121,4
121,5
121,7
121,9
121,10
121,12
121,13
121,15
121,16
121,18
121,20
121,21
121,23
121,24
121,26
121,28
121,29
121,31
121,32
121,34
121,35
121,37
121,39
121,40
133,1
133,2
133,4
133,6
137,0
137,2
137,3
137,5
137,7
137,8
137,10
137,11
137,13
137,14
137,16
137,18
137,19
137,21
137,22
137,24
137,26
137,27
137,29
137,30
137,32
137,33
137,35
137,37
137,38
137,40
137,41
137,43
137,45
137,46
137,48
137,49
137,51
137,52
137,54
137,56
137,57
137,59
137,60
137,62
137,64
137,65
137,67
137,68
137,70
137,71
137,73
137,129
137,130
137,132
137,133
137,135
137,137
137,138
137,140
151,0
151,2
151,4
159,0
159,2
159,3
159,5
159,6
159,8
159,10
159,11
159,13
159,14
159,16
159,18
159,19
159,21
159,22
159,24
159,25
159,27
159,29
159,30
159,32
159,33
159,35
159,37
159,38
159,64
159,65
159,67
159,68
159,70
159,72
159,73
159,75
159,76
159,78
163,0
163,1
163,3
163,4
163,6
171,1
171,2
180,0
180,1
180,3
180,4
189,1
189,3
189,4
190,0
190,1
190,3
190,5
190,6
190,8
190,9
190,11
196,0
196,2
196,4
196,5
197,0
197,1
197,3
197,5
197,6
197,8
198,0
198,2
198,3
198,5
200,1
200,2
200,4
202,0
202,2
202,4
202,5
203,1
203,2
203,4
204,0
204,2
204,4
204,5
204,7
204,8
204,10
204,12
204,13
204,15
204,16
204,18
204,20
204,21
204,23
204,24
204,26
204,27
204,29
204,31
204,32
204,34
204,35
204,37
204,39
204,40
204,42
204,43
204,45
204,46
204,48
204,50
204,51
204,53
204,54
204,56
204,58
204,59
204,61
204,62
204,64
204,65
204,67
204,69
204,70
204,72
204,73
204,75
204,77
204,78
204,80
204,81
204,83
204,85
204,86
204,88
204,89
204,91
204,92
204,94
204,96
204,97
204,99
204,100
204,102
204,104
204,105
204,107
204,108
204,110
204,111
204,113
204,115
204,116
204,118
204,119
204,121
204,123
204,124
204,126
204,127
204,129
204,130
204,132
204,134
204,135
204,137
204,138
204,140
204,142
204,143
204,145
204,146
204,148
204,150
204,151
204,153
204,154
204,156
204,157
204,159
204,161
204,162
204,164
204,192
204,194
204,196
204,197
204,199
204,200
204,202
205,0
205,2
205,4
205,5
205,7
205,8
205,10
205,12
205,13
205,15
205,16
205,18
205,19
205,21
205,23
205,24
205,26
205,27
205,29
205,31
205,32
205,34
205,35
205,37
205,38
205,40
205,42
205,43
205,45
205,46
205,48
205,50
205,51
205,53
205,54
205,56
205,58
205,59
205,61
205,62
205,64
205,65
205,67
205,69
205,70
205,72
205,73
205,75
205,77
205,78
205,80
205,81
205,83
205,84
205,86
205,88
205,89
205,91
205,92
205,94
205,96
205,97
205,99
205,100
205,102
205,103
205,105
205,107
205,108
205,110
205,111
205,113
205,115
205,116
205,118
205,119
205,121
205,123
205,124
205,126
205,127
205,129
205,130
205,132
205,134
205,135
205,137
205,138
205,140
205,142
205,143
205,145
205,146
205,148
205,149
205,151
205,153
205,154
205,156
205,157
205,159
205,161
205,162
205,164
205,165
205,167
205,168
205,170
205,172
205,173
205,175
205,176
205,178
205,180
205,181
205,183
205,184
205,186
205,187
205,189
205,191
205,192
205,194
205,195
205,197
205,199
205,200
205,202
205,203
205,205
205,207
205,208
205,257
205,258
205,260
205,320
205,322
205,324
205,325
205,327
205,328
205,330
205,332
205,333
205,335
205,336
205,338
205,339
205,341
205,343
205,344
205,346
205,347
205,349
205,351
205,352
205,354
205,355
205,357
205,358
205,360
205,362
205,363
205,365
205,366
205,368
205,370
205,371
205,373
205,374
205,376
205,378
205,379
205,381
205,382
206,0
206,1
206,3
207,0
207,1
207,3
207,4
207,6
209,0
209,1
209,3
209,4
209,6
209,7
209,9
209,11
209,12
209,14
209,15
209,17
209,19
209,20
209,22
209,23
210,0
210,1
210,3
210,5
210,6
210,8
210,9
210,11
210,13
210,14
210,16
210,17
210,19
210,20
210,22
210,24
210,25
210,27
210,28
210,30
210,32
210,33
210,35
210,36
210,38
210,40
210,41
210,65
210,66
210,68
210,69
210,71
210,73
210,74
210,76
210,77
210,79
210,81
210,82
210,84
210,85
210,87
210,88
210,90
210,92
210,93
210,95
210,96
210,98
210,100
210,101
210,103
210,104
210,106
210,107
210,109
210,111
210,112
210,114
210,115
210,117
210,119
210,120
210,122
210,123
210,125
210,127
210,128
210,130
210,131
210,133
210,134
210,136
210,138
210,139
210,141
210,142
210,144
210,146
210,147
210,149
210,150
210,152
210,153
210,155
210,157
210,158
210,160
210,161
210,163
210,165
210,166
210,168
210,169
210,171
210,172
210,192
210,194
210,195
210,197
210,198
210,200
210,202
211,0
211,2
211,3
212,1
212,3
212,4
213,0
213,1
213,3
213,4
213,6
213,8
213,9
214,0
214,1
214,3
214,5
216,0
216,2
216,3
216,5
216,6
216,8
216,10
217,0
217,2
217,3
218,0
218,2
218,3
220,0
220,1
220,3
220,4
220,6
220,8
221,0
221,2
221,3
221,5
221,7
221,8
221,10
221,11
221,13
221,14
221,16
222,0
222,1
222,3
222,4
222,6
222,8
222,9
222,11
222,12
222,14
222,16
222,17
222,19
222,20
222,22
222,23
222,25
222,27
222,28
222,30
222,31
222,33
222,35
222,36
222,38
223,0
223,2
223,3
223,5
223,7
223,8
223,10
223,11
223,13
224,0
224,1
224,3
224,4
224,6
224,7
224,9
224,11
224,12
224,14
224,15
224,17
224,19
224,20
224,22
224,23
224,25
224,27
224,28
224,30
224,31
224,33
224,34
224,36
224,38
224,39
224,41
224,42
226,1
226,3
226,4
226,6
226,7
226,9
226,10
227,1
227,3
227,4
228,0
228,1
228,3
228,5
229,0
229,2
229,3
229,5
230,0
230,2
230,4
230,5
230,7
230,8
231,1
231,3
231,4
231,6
231,7
231,9
231,10
231,12
233,0
233,1
233,3
233,4
233,6
233,8
233,9
233,11
233,12
233,14
233,16
233,17
233,19
233,20
233,22
233,23
233,25
233,27
233,28
233,30
233,31
233,33
233,35
233,36
233,38
233,39
233,41
233,42
234,1
234,3
234,4
235,1
235,2
235,4
236,1
236,2
236,4
237,0
237,2
237,3
238,0
238,2
238,3
238,5
238,6
239,1
239,3
239,4
241,0
241,1
241,3
242,0
242,1
242,3
242,4
242,6
242,7
242,9
242,11
242,12
242,14
242,15
242,17
242,19
242,20
242,22
242,23
242,25
242,26
242,28
242,30
242,31
242,33
242,34
242,36
242,38
242,39
242,41
242,42
242,44
242,45
242,47
242,49
242,50
242,52
242,53
242,55
242,57
242,58
242,60
242,61
242,63
242,64
242,66
242,68
242,69
242,71
242,72
242,74
242,76
242,77
242,79
242,80
242,82
242,84
242,85
242,87
242,128
242,130
242,131
242,133
242,135
242,136
243,0
243,1
243,3
243,5
243,6
243,8
243,9
243,11
243,12
243,14
243,16
243,17
243,19
244,0
244,2
244,4
245,0
245,2
245,3
245,5
246,0
246,2
246,4
246,5
246,7
246,8
247,1
247,3
247,4
247,6
247,7
248,1
248,3
248,4
248,6
248,7
249,1
249,2
249,4
250,2
250,4
250,7
250,8
250,10
250,12
250,13
250,15
250,16
250,18
250,19
250,21
250,23
250,24
250,26
250,27
250,29
250,31
250,32
250,34
250,35
250,37
250,38
250,40
250,42
250,43
250,45
250,46
250,48
250,50
250,51
250,53
250,54
250,56
250,58
250,59
250,61
250,62
250,64
250,65
250,67
250,69
250,70
250,72
250,73
250,75
250,77
250,78
250,80
250,81
250,83
250,84
250,86
250,89
250,90
250,129
251,0
251,2
251,4
252,0
252,2
252,3
252,5
254,0
254,2
254,4
254,5
254,7
254,8
254,10
254,12
254,13
254,15
254,16
254,18
254,19
254,21
254,23
254,24
254,26
254,27
254,29
254,31
254,32
254,34
254,35
254,37
254,39
254,40
254,42
254,43
254,45
254,46
254,48
254,50
255,0
255,2
255,3
256,0
256,2
256,3
256,5
257,0
257,2
257,3
257,5
257,7
258,0
258,2
258,3
258,5
258,7
258,8
258,10
258,11
258,13
258,14
258,16
258,18
258,19
258,21
258,22
258,24
258,26
258,27
258,29
258,30
258,32
258,34
258,35
258,37
258,64
258,66
258,67
258,69
258,71
258,72
258,74
258,75
258,77
258,79
258,80
258,82
258,83
258,85
258,86
258,88
258,90
258,91
258,93
258,94
258,96
258,98
258,99
258,101
258,102
258,104
258,105
258,107
258,109
258,110
258,112
258,113
258,115
258,117
258,128
258,130
258,131
258,133
258,134
258,136
258,138
258,139
258,141
258,142
258,144
258,146
258,147
258,149
258,150
258,152
258,154
258,155
258,157
258,158
258,160
258,161
258,163
258,165
258,166
258,168
258,169
258,171
258,173
258,174
258,176
258,177
258,179
258,180
258,182
258,184
258,185
258,187
258,188
258,190
258,192
258,193
258,195
258,196
258,198
258,199
258,201
258,203
258,204
258,206
258,207
258,209
258,211
258,212
258,214
258,215
258,217
258,219
258,220
258,222
258,223
258,225
258,226
258,228
258,230
258,231
258,233
258,234
258,236
258,238
258,239
258,241
258,242
258,244
258,245
258,247
258,249
258,250
258,252
258,253
258,255
258,257
258,258
258,260
258,261
258,263
258,264
258,266
258,268
258,269
258,271
258,272
258,274
258,276
258,277
258,279
258,280
258,282
258,283
258,285
258,287
258,288
258,290
258,291
258,293
258,295
258,296
258,298
258,299
258,301
258,303
258,304
258,306
258,307
258,309
258,310
258,312
258,314
258,315
258,317
258,318
259,0
259,2
259,3
259,5
259,6
259,8
259,9
259,11
259,13
259,14
259,16
259,17
260,1
260,3
260,4
262,0
262,1
262,3
262,4
263,0
263,2
263,3
264,0
264,1
264,3
264,5
265,0
265,2
265,3
265,5
266,1
266,2
266,4
266,5
267,0
267,1
267,3
267,5
267,6
268,0
268,1
268,3
269,2
269,4
269,6
269,7
269,9
269,10
269,12
269,14
269,15
269,17
269,18
269,20
269,22
269,23
269,25
269,26
269,28
269,29
269,31
269,33
269,34
269,36
269,37
269,39
269,64
269,65
269,67
269,68
269,70
269,72
269,73
269,75
269,76
269,78
269,79
269,81
269,84
269,85
269,87
269,88
269,90
269,92
269,93
269,95
269,96
269,98
270,0
270,2
270,4
270,5
270,7
270,8
274,1
274,3
274,4
274,6
274,7
277,1
277,2
277,4
278,0
278,1
278,3
278,4
278,6
278,8
279,0
279,2
279,3
279,5
279,6
279,8
280,0
280,1
280,3
280,4
282,1
283,0
283,1
283,3
283,4
287,1
287,3
287,4
287,6
287,7
287,9
287,10
287,12
287,14
287,15
287,17
287,18
287,20
290,1
290,2
290,4
290,5
290,7
290,8
290,10
290,12
290,13
290,15
290,16
290,18
290,20
290,21
290,23
290,24
290,26
290,27
290,29
290,31
290,32
290,34
290,35
290,37
290,39
290,40
290,42
290,43
290,45
290,47
290,48
290,50
290,51
290,53
290,54
290,56
290,58
290,59
290,61
290,62
290,64
290,66
290,67
290,69
290,70
290,72
290,73
290,75
290,77
290,78
290,80
290,81
290,83
290,85
290,86
290,88
290,89
290,91
290,92
290,129
290,130
290,128
290,90
290,87
290,84
290,82
290,79
290,76
290,74
290,71
290,68
290,65
290,63
290,60
290,57
290,55
290,52
290,49
290,46
290,44
290,41
290,38
290,36
290,33
290,30
290,28
290,25
290,22
290,19
290,17
290,14
290,11
290,9
290,6
290,3
290,0
287,19
287,16
287,13
287,11
287,8
287,5
287,2
287,0
283,2
282,3
282,0
280,2
279,9
279,7
279,4
279,1
278,7
278,5
278,2
277,5
277,3
277,0
274,5
274,2
274,0
270,6
270,3
270,1
269,97
269,94
269,91
269,89
269,86
269,83
269,80
269,77
269,74
269,71
269,69
269,66
269,40
269,38
269,35
269,32
269,30
269,27
269,24
269,21
269,19
269,16
269,13
269,11
269,8
269,5
268,4
268,2
267,7
267,4
267,2
266,6
266,3
266,0
265,4
265,1
264,4
264,2
263,4
263,1
262,5
262,2
260,5
260,2
260,0
259,15
259,12
259,10
259,7
259,4
259,1
258,319
258,316
258,313
258,311
258,308
258,305
258,302
258,300
258,297
258,294
258,292
258,289
258,286
258,284
258,281
258,278
258,275
258,273
258,270
258,267
258,265
258,262
258,259
258,256
258,254
258,251
258,248
258,246
258,243
258,240
258,237
258,235
258,232
258,229
258,227
258,224
258,221
258,218
258,216
258,213
258,210
258,208
258,205
258,202
258,200
258,197
258,194
258,191
258,189
258,186
258,183
258,181
258,178
258,175
258,172
258,170
258,167
258,164
258,162
258,159
258,156
258,153
258,151
258,148
258,145
258,143
258,140
258,137
258,135
258,132
258,129
258,116
258,114
258,111
258,108
258,106
258,103
258,100
258,97
258,95
258,92
258,89
258,87
258,84
258,81
258,78
258,76
258,73
258,70
258,68
258,65
258,36
258,33
258,31
258,28
258,25
258,23
258,20
258,17
258,15
258,12
258,9
258,6
258,4
258,1
257,6
257,4
257,1
256,4
256,1
255,4
255,1
254,49
254,47
254,44
254,41
254,38
254,36
254,33
254,30
254,28
254,25
254,22
254,20
254,17
254,14
254,11
254,9
254,6
254,3
254,1
252,4
252,1
251,3
251,1
250,128
250,87
250,85
250,82
250,79
250,76
250,74
250,71
250,68
250,66
250,63
250,60
250,57
250,55
250,52
250,49
250,47
250,44
250,41
250,39
250,36
250,33
250,30
250,28
250,25
250,22
250,20
250,17
250,14
250,11
250,9
250,5
249,5
249,3
249,0
248,5
248,2
248,0
247,5
247,2
247,0
246,6
246,3
246,1
245,4
245,1
244,3
244,1
243,18
243,15
243,13
243,10
243,7
243,4
243,2
242,137
242,134
242,132
242,129
242,86
242,83
242,81
242,78
242,75
242,73
242,70
242,67
242,65
242,62
242,59
242,56
242,54
242,51
242,48
242,46
242,43
242,40
242,37
242,35
242,32
242,29
242,27
242,24
242,21
242,18
242,16
242,13
242,10
242,8
242,5
242,2
241,4
241,2
240,2
239,2
239,0
238,4
238,1
237,4
237,1
236,3
236,0
235,3
235,0
234,2
234,0
233,40
233,37
233,34
233,32
233,29
233,26
233,24
233,21
233,18
233,15
233,13
233,10
233,7
233,5
233,2
231,13
231,11
231,8
231,5
231,2
231,0
230,6
230,3
230,1
229,4
229,1
228,4
228,2
227,5
227,2
227,0
226,8
226,5
226,2
226,0
224,40
224,37
224,35
224,32
224,29
224,26
224,24
224,21
224,18
224,16
224,13
224,10
224,8
224,5
224,2
223,14
223,12
223,9
223,6
223,4
223,1
222,37
222,34
222,32
222,29
222,26
222,24
222,21
222,18
222,15
222,13
222,10
222,7
222,5
222,2
221,17
221,15
221,12
221,9
221,6
221,4
221,1
220,7
220,5
220,2
218,4
218,1
217,4
217,1
216,9
216,7
216,4
216,1
214,4
214,2
213,10
213,7
213,5
213,2
212,5
212,2
212,0
211,1
210,201
210,199
210,196
210,193
210,173
210,170
210,167
210,164
210,162
210,159
210,156
210,154
210,151
210,148
210,145
210,143
210,140
210,137
210,135
210,132
210,129
210,126
210,124
210,121
210,118
210,116
210,113
210,110
210,108
210,105
210,102
210,99
210,97
210,94
210,91
210,89
210,86
210,83
210,80
210,78
210,75
210,72
210,70
210,67
210,64
210,39
210,37
210,34
210,31
210,29
210,26
210,23
210,21
210,18
210,15
210,12
210,10
210,7
210,4
210,2
209,24
209,21
209,18
209,16
209,13
209,10
209,8
209,5
209,2
207,7
207,5
207,2
206,4
206,2
205,383
205,380
205,377
205,375
205,372
205,369
205,367
205,364
205,361
205,359
205,356
205,353
205,350
205,348
205,345
205,342
205,340
205,337
205,334
205,331
205,329
205,326
205,323
205,321
205,259
205,256
205,206
205,204
205,201
205,198
205,196
205,193
205,190
205,188
205,185
205,182
205,179
205,177
205,174
205,171
205,169
205,166
205,163
205,160
205,158
205,155
205,152
205,150
205,147
205,144
205,141
205,139
205,136
205,133
205,131
205,128
205,125
205,122
205,120
205,117
205,114
205,112
205,109
205,106
205,104
205,101
205,98
205,95
205,93
205,90
205,87
205,85
205,82
205,79
205,76
205,74
205,71
205,68
205,66
205,63
205,60
205,57
205,55
205,52
205,49
205,47
205,44
205,41
205,39
205,36
205,33
205,30
205,28
205,25
205,22
205,20
205,17
205,14
205,11
205,9
205,6
205,3
205,1
204,201
204,198
204,195
204,193
204,163
204,160
204,158
204,155
204,152
204,149
204,147
204,144
204,141
204,139
204,136
204,133
204,131
204,128
204,125
204,122
204,120
204,117
204,114
204,112
204,109
204,106
204,103
204,101
204,98
204,95
204,93
204,90
204,87
204,84
204,82
204,79
204,76
204,74
204,71
204,68
204,66
204,63
204,60
204,57
204,55
204,52
204,49
204,47
204,44
204,41
204,38
204,36
204,33
204,30
204,28
204,25
204,22
204,19
204,17
204,14
204,11
204,9
204,6
204,3
204,1
203,3
203,0
202,3
202,1
200,3
200,0
198,4
198,1
197,7
197,4
197,2
196,6
196,3
196,1
190,10
190,7
190,4
190,2
189,5
189,2
189,0
180,2
171,3
171,0
163,5
163,2
159,79
159,77
159,74
159,71
159,69
159,66
159,39
159,36
159,34
159,31
159,28
159,26
159,23
159,20
159,17
159,15
159,12
159,9
159,7
159,4
159,1
151,3
151,1
137,139
137,136
137,134
137,131
137,128
137,72
137,69
137,66
137,63
137,61
137,58
137,55
137,53
137,50
137,47
137,44
137,42
137,39
137,36
137,34
137,31
137,28
137,25
137,23
137,20
137,17
137,15
137,12
137,9
137,6
137,4
137,1
133,5
133,3
133,0
121,38
121,36
121,33
121,30
121,27
121,25
121,22
121,19
121,17
121,14
121,11
121,8
121,6
121,3
121,0
113,6
113,3
113,0
112,4
112,2
109,6
109,3
109,1
106,9
106,6
106,4
106,1
91,4
91,1
4,3
2,20
2,16
2,14
2,10
2,7
2,4
0,553
0,550
0,547
0,545
0,542
0,539
0,536
0,534
0,531
0,528
0,526
0,523
0,520
0,277
0,475
0,276
0,361
0,275
0,473
0,274
0,399
0,273
0,312
0,272
0,350
0,271
0,484
0,270
0,269
0,425
0,268
0,453
0,267
0,441
0,266
0,472
0,265
0,365
0,264
0,397
0,263
0,262
0,456
0,261
0,260
0,367
0,259
0,489
0,258
0,336
0,257
0,256
0,346
0,255
0,314
0,254
0,253
0,319
0,252
0,477
0,251
0,446
0,250
0,324
0,249
0,407
0,248
0,433
0,247
0,335
0,246
0,311
0,245
0,315
0,244
0,416
0,242
0,417
0,241
0,455
0,240
0,309
0,239
0,483
0,238
0,357
0,237
0,403
0,236
0,235
0,443
0,234
0,471
0,233
0,412
0,232
0,306
0,231
0,429
0,230
0,355
0,229
0,301
0,228
0,376
0,227
0,440
0,226
0,343
0,225
0,348
0,224
0,463
0,223
0,353
0,222
0,394
0,221
0,313
0,220
0,460
0,219
0,482
0,218
0,352
0,217
0,511
0,216
0,510
0,215
0,431
0,214
0,362
0,213
0,451
0,212
0,338
0,211
0,481
0,210
0,333
0,209
0,366
0,208
0,332
0,207
0,428
0,206
0,409
0,205
0,390
0,204
0,422
0,203
0,457
0,202
0,321
0,201
0,465
0,200
0,393
0,199
0,329
0,198
0,363
0,197
0,438
0,196
0,413
0,195
0,330
0,194
0,470
0,193
0,448
0,192
0,63
0,445
0,62
0,459
0,61
0,60
0,318
0,59
0,349
0,58
0,326
0,57
0,342
0,56
0,323
0,55
0,402
0,54
0,495
0,53
0,454
0,52
0,320
0,51
0,50
0,410
0,49
0,450
0,48
0,449
0,47
0,462
0,46
0,411
0,45
0,468
0,6
0,5
0,1
0,488
0,11
0,4
0,2
0,3
0,7
