159,19
304,5
304,4
304,3
304,2
304,1
304,0
303,4
303,3
303,2
303,1
303,0
159,18
159,17
152,193
302,5
302,4
302,3
302,2
302,1
302,0
301,4
301,3
301,2
301,1
301,0
291,39
274,41
237,271
237,270
237,269
237,268
237,267
237,266
237,265
237,264
237,263
237,262
237,261
237,260
237,259
237,258
237,257
237,256
300,5
300,4
300,3
300,2
300,1
300,0
299,4
299,3
299,2
299,1
299,0
237,222
237,221
237,220
237,219
237,218
237,217
237,216
237,215
237,214
237,213
237,212
237,211
237,210
237,209
237,208
237,207
237,206
237,205
237,204
237,203
237,202
237,201
237,200
237,199
237,198
237,197
237,196
237,195
237,194
237,193
237,192
225,154
225,153
225,152
225,151
225,150
225,149
225,148
298,5
298,4
298,3
298,2
298,1
298,0
297,4
297,3
297,2
297,1
297,0
225,147
225,146
225,145
225,144
225,143
225,142
225,141
225,140
225,139
225,138
225,137
225,136
225,135
225,134
225,133
225,132
225,131
225,130
225,129
225,128
0,462
0,461
0,460
0,459
0,457
0,456
0,455
0,454
0,453
0,452
0,451
0,450
0,449
0,448
0,445
0,444
0,443
0,442
0,441
0,440
0,438
0,436
0,434
0,432
0,431
0,430
0,429
0,428
0,427
0,425
0,424
0,423
0,421
0,420
0,418
0,413
0,412
0,411
0,410
0,409
0,407
0,406
0,405
0,403
0,402
0,401
0,400
0,397
0,396
0,395
0,394
0,393
0,392
0,391
0,390
0,389
0,387
0,386
0,385
0,383
0,382
0,381
0,380
0,379
0,378
0,377
0,376
0,375
0,374
0,373
0,372
0,371
0,370
0,369
59,6
0,368
0,367
0,366
59,1
0,365
59,3
0,364
59,0
2,23
0,363
225,1
0,362
225,108
225,90
225,89
0,361
225,3
0,360
0,568
0,317
0,562
0,316
225,0
0,314
0,313
1,1
0,310
1,3
0,301
1,0
0,243
2,1
2,24
2,3
2,0
0,9
0,331
0,552
0,305
0,565
0,308
0,304
0,303
0,302
0,307
0,12
0,458
0,10
0,8
0,0
0,520
0,300
0,534
0,299
0,549
0,298
0,318
0,297
0,539
0,296
0,350
0,295
0,328
0,294
0,293
0,489
0,292
0,563
0,291
0,354
0,290
0,515
0,289
0,546
0,288
0,349
0,287
0,335
0,286
0,312
0,285
0,284
0,348
0,283
0,347
0,282
0,327
0,281
0,560
0,280
0,334
0,279
0,559
0,278
0,346
0,277
0,320
0,276
0,463
0,464
0,466
0,467
0,469
0,470
0,472
0,474
0,475
0,477
0,478
0,480
0,482
0,483
0,485
0,486
0,488
0,490
0,492
0,494
0,495
0,497
0,498
0,500
0,502
0,503
0,506
0,507
0,509
0,510
0,529
0,540
0,556
0,571
2,6
2,10
2,12
2,14
2,17
2,19
2,21
2,22
2,26
7,1
7,2
7,4
7,5
25,0
25,3
30,0
30,2
30,3
30,5
59,4
59,5
60,0
60,1
61,0
61,1
61,3
61,5
61,6
61,8
61,9
61,11
61,13
61,14
61,16
61,17
61,19
61,20
61,22
61,24
61,25
61,27
61,28
61,30
61,32
61,33
61,35
61,36
61,38
61,39
61,41
61,43
61,44
61,47
68,0
68,2
68,4
68,5
71,1
71,3
72,1
73,2
74,0
74,3
74,4
75,1
75,3
80,1
80,4
92,0
92,3
92,4
92,9
93,0
93,1
96,0
96,1
96,6
113,0
113,3
113,5
113,6
120,0
120,1
151,0
151,2
151,3
151,5
151,6
151,8
151,9
151,11
151,13
151,14
151,16
151,17
151,19
151,21
151,22
151,24
151,25
151,27
151,28
151,30
151,32
151,33
151,35
151,36
151,38
151,40
151,41
151,43
151,44
151,46
151,48
151,49
151,51
151,52
151,54
151,55
151,57
151,59
151,60
151,62
151,63
151,65
151,67
151,68
151,70
151,71
151,73
151,74
151,76
151,78
151,79
151,81
151,82
151,84
151,86
151,87
151,89
151,90
152,0
152,1
152,3
152,5
152,6
152,8
152,9
152,11
152,13
152,14
152,16
152,17
152,19
152,21
152,22
152,24
152,25
152,27
152,28
152,30
152,32
152,33
152,35
152,36
152,38
152,40
152,41
152,43
152,44
152,46
152,47
152,49
152,51
152,52
152,54
152,55
152,57
152,59
152,60
152,62
152,63
152,65
152,66
152,68
152,70
152,71
152,73
152,74
152,76
152,78
152,79
152,81
152,82
152,84
152,85
152,87
152,89
152,90
152,92
152,93
152,95
152,97
152,98
152,100
152,101
152,103
152,105
152,106
152,108
152,109
152,111
152,112
152,114
152,116
152,117
152,119
152,120
152,122
152,124
152,125
152,127
152,128
152,130
152,131
152,133
152,135
152,136
152,138
152,139
152,141
152,143
152,144
152,146
152,147
152,149
152,150
152,152
152,154
152,155
152,157
152,158
152,160
152,162
152,163
152,165
152,166
152,168
152,170
152,171
152,173
152,174
152,176
152,177
152,179
152,181
152,182
152,184
152,185
152,187
152,189
152,190
152,192
152,195
152,196
152,198
152,200
152,201
152,203
152,256
153,1
153,3
153,4
153,6
153,7
159,1
159,2
159,4
159,6
159,7
159,9
159,10
159,12
159,14
159,15
160,0
160,1
160,3
160,5
163,0
163,2
163,3
163,5
163,6
163,8
163,10
163,11
163,13
163,14
163,16
166,0
166,1
166,3
166,4
166,6
166,7
166,9
166,11
166,12
166,14
166,15
166,17
166,19
166,20
166,22
166,23
166,25
166,26
166,28
166,30
166,31
166,33
166,34
166,36
169,1
169,2
169,4
169,5
169,7
169,8
169,10
169,12
169,13
172,0
172,1
172,3
172,5
172,6
172,8
172,9
172,11
172,13
172,14
172,16
172,17
172,19
172,20
172,22
172,24
172,25
172,27
172,28
172,30
172,32
172,33
172,35
172,36
172,38
172,39
175,1
175,3
175,4
175,6
175,7
175,9
175,11
175,12
175,14
175,15
175,17
175,18
175,20
178,1
178,2
178,4
178,5
178,7
178,9
178,10
181,1
181,2
181,4
181,6
184,0
184,2
184,3
184,5
184,6
187,1
187,3
187,4
190,0
190,1
190,3
190,5
190,6
190,8
193,0
193,2
193,3
193,5
193,7
193,8
193,10
193,11
197,0
197,2
197,3
197,5
197,6
202,1
202,2
202,4
202,6
214,0
214,2
214,3
214,5
214,7
214,8
214,10
214,11
214,13
214,14
214,16
214,18
214,19
214,21
214,22
214,24
214,26
214,27
214,29
214,30
214,32
214,34
214,35
214,37
214,38
214,40
214,41
214,43
214,45
214,46
214,48
214,49
214,51
214,53
214,54
214,56
214,64
214,66
214,67
214,69
214,71
214,72
214,74
214,75
214,77
214,79
214,80
214,82
214,83
214,85
214,86
214,88
214,90
214,91
214,93
214,94
214,96
214,98
214,99
214,101
214,102
214,104
214,106
214,107
214,109
214,110
214,112
214,113
214,115
214,117
214,118
214,120
214,121
214,123
214,125
214,126
214,128
214,129
214,131
214,132
214,134
214,136
214,137
214,139
214,140
214,142
214,144
214,145
214,147
214,148
214,150
214,151
214,153
214,155
214,156
214,158
214,159
214,161
214,163
214,164
214,166
214,167
214,169
214,170
214,172
214,174
214,192
214,194
214,195
214,197
214,199
214,200
214,202
214,203
214,205
214,207
214,208
214,210
214,211
214,213
214,214
214,216
214,218
214,219
214,221
214,222
214,224
214,226
214,227
214,229
214,230
214,232
214,233
214,235
214,237
214,238
214,240
214,241
214,243
214,245
214,246
214,256
214,257
214,259
214,260
214,262
214,264
214,265
214,267
214,268
214,270
214,272
214,273
214,275
214,276
214,278
214,280
214,281
214,283
214,284
214,286
214,287
214,289
214,291
214,292
214,294
214,295
214,297
214,299
214,300
214,302
214,303
214,305
214,306
214,308
214,310
214,311
214,313
214,314
214,316
214,320
214,321
214,323
214,324
214,326
214,327
214,329
214,331
214,332
214,334
214,335
214,337
214,339
214,340
214,342
214,343
214,345
214,347
214,348
214,350
214,351
214,353
214,354
214,356
214,358
214,359
214,361
214,362
214,364
214,366
214,367
214,369
214,370
214,372
214,373
214,375
214,377
214,378
214,380
214,381
214,383
214,385
214,386
214,388
214,389
214,391
214,392
214,394
214,396
214,397
214,399
214,400
214,402
214,404
214,405
214,407
214,408
214,410
214,411
214,413
214,415
214,416
214,418
214,419
214,421
214,423
214,424
214,426
214,427
214,429
214,431
214,432
214,434
214,435
214,437
214,438
214,440
214,442
214,443
214,445
214,446
214,448
214,450
214,451
214,453
214,454
214,456
214,457
214,459
214,461
214,462
214,464
214,465
214,467
214,469
214,470
214,472
214,473
214,475
214,476
214,478
214,480
214,481
214,483
214,484
214,486
214,512
214,513
214,515
214,516
214,518
214,520
214,521
225,2
225,4
225,6
225,7
225,9
225,11
225,12
225,14
225,15
225,17
225,19
225,20
225,22
225,23
225,25
225,26
225,28
225,30
225,31
225,33
225,34
225,36
225,65
225,66
225,68
225,69
225,71
225,72
225,74
225,76
225,77
225,79
225,80
225,82
225,84
225,85
225,87
225,88
225,92
225,93
225,95
225,97
225,98
225,100
225,101
225,103
225,105
225,106
225,109
225,110
225,112
225,114
225,115
225,117
225,118
225,120
225,121
225,123
225,125
225,126
233,0
233,1
233,3
233,5
233,6
236,1
236,2
236,4
237,0
237,2
237,4
237,5
237,7
237,8
237,10
237,12
237,13
237,15
237,16
237,18
237,19
237,21
237,23
237,24
237,26
237,27
237,29
237,31
237,32
237,34
237,35
237,37
237,39
237,40
237,42
237,64
237,66
237,67
237,69
237,71
237,72
237,74
237,75
237,77
237,79
237,80
237,82
237,83
237,85
237,86
237,88
237,90
237,91
237,93
237,94
237,96
237,98
237,99
237,101
237,102
237,104
237,105
237,107
237,109
237,110
237,112
237,113
237,115
237,117
237,118
237,120
237,121
237,123
237,128
237,130
237,132
237,133
237,135
237,136
237,138
237,140
237,141
237,143
237,144
237,146
237,148
237,149
237,151
237,152
237,154
237,155
237,157
237,159
237,160
237,162
237,163
237,165
237,167
240,0
240,2
240,3
240,5
240,6
240,8
240,10
240,11
240,13
240,14
240,16
240,18
240,19
240,21
240,22
240,24
240,25
240,27
240,29
240,30
240,32
240,33
240,35
240,37
240,38
240,40
240,41
240,43
240,45
240,46
240,48
240,49
240,51
240,52
240,54
240,56
240,57
240,59
240,60
240,62
240,64
240,65
240,67
240,68
240,70
240,71
240,73
240,75
240,76
240,78
240,79
240,128
240,193
240,194
240,196
240,197
240,199
240,200
240,202
240,204
240,256
243,1
243,2
244,0
244,2
244,3
244,5
244,6
244,8
244,10
244,11
246,1
246,2
246,4
246,5
246,7
246,9
252,0
252,2
252,3
252,5
252,7
252,8
253,1
253,2
253,4
253,5
257,0
257,2
257,3
257,5
257,6
261,1
261,3
261,4
261,6
261,7
261,9
261,10
261,12
261,14
261,15
262,1
262,2
263,0
263,2
263,3
263,5
264,0
264,2
264,3
265,0
265,2
265,3
265,5
265,6
265,8
267,1
267,2
267,4
267,5
267,7
267,9
268,0
268,2
268,3
268,5
268,6
268,8
270,0
270,1
270,3
270,4
271,0
271,2
271,3
271,5
271,6
271,8
272,0
272,2
272,4
272,5
272,7
272,8
272,10
273,1
273,2
273,4
273,5
274,0
274,1
274,3
274,5
274,6
274,8
274,9
274,11
274,13
274,14
274,16
274,17
274,19
274,21
274,22
274,24
274,25
274,27
274,28
274,30
274,32
274,33
274,35
274,36
274,38
274,40
276,1
276,2
276,4
280,0
280,2
280,4
280,5
280,7
280,8
280,10
280,12
280,13
280,15
280,16
280,18
280,19
280,21
280,23
280,24
280,26
280,27
280,29
280,31
280,32
280,34
280,35
280,37
280,38
280,40
280,42
280,43
280,45
280,46
280,48
280,50
280,51
280,53
280,54
280,56
280,58
280,59
280,61
280,62
280,64
280,65
280,67
280,69
280,70
280,72
280,73
280,75
280,77
280,78
280,80
280,81
280,83
280,84
280,86
280,88
280,89
280,91
280,92
280,94
280,96
280,97
280,99
280,100
280,102
280,103
280,105
280,107
280,108
280,110
280,111
280,113
280,115
280,116
280,118
280,119
280,121
280,129
280,130
280,132
280,133
280,135
280,136
280,138
280,140
280,141
280,143
280,144
280,146
280,148
280,149
280,151
280,152
280,154
280,155
280,157
280,159
280,160
280,162
281,0
281,2
281,4
282,0
282,2
282,3
282,5
282,6
282,8
282,10
282,11
282,13
282,14
282,16
282,18
282,19
282,21
282,22
282,24
286,0
286,2
286,4
286,5
286,7
286,8
287,1
287,3
287,4
287,6
287,7
287,9
287,11
287,12
287,14
287,15
287,17
287,18
287,20
287,22
287,23
287,25
287,26
287,28
287,30
287,31
287,33
287,34
287,36
287,37
287,39
287,41
287,42
287,44
287,45
287,47
287,65
287,66
287,68
287,69
287,71
287,72
287,74
287,76
287,77
287,79
287,80
287,82
287,84
287,85
287,87
287,88
287,90
287,92
287,93
287,95
287,96
287,98
287,99
287,101
287,103
287,104
287,106
287,107
287,109
287,111
287,112
287,114
287,115
287,117
287,118
287,120
287,122
287,123
287,125
287,126
287,128
287,130
287,131
287,133
287,134
287,136
287,137
287,139
287,141
287,142
287,144
287,145
287,147
287,149
287,150
287,152
287,153
287,155
287,157
287,158
287,160
287,161
287,163
287,164
287,166
287,168
287,169
287,171
287,172
287,174
287,176
287,177
288,0
288,1
288,3
288,4
288,6
288,8
288,9
288,11
288,12
288,14
288,16
288,17
288,19
288,20
290,1
290,2
290,4
291,0
291,1
291,3
291,4
291,6
291,8
291,9
291,11
291,12
291,14
291,15
291,17
291,19
291,20
291,22
291,23
291,25
291,27
291,28
291,30
291,31
291,33
291,35
291,36
291,38
291,41
291,42
291,44
291,46
291,47
291,49
291,50
291,52
291,54
291,55
291,57
291,58
291,60
291,61
291,63
291,65
291,66
291,68
291,69
291,71
291,73
291,74
291,128
291,192
291,194
291,195
291,197
291,199
292,0
292,2
292,3
292,5
295,1
295,2
295,4
296,0
296,2
296,4
296,5
70,2
70,5
70,4
70,1
70,3
70,0
93,5
296,3
296,1
295,3
295,0
292,4
292,1
291,198
291,196
291,193
291,75
291,72
291,70
291,67
291,64
291,62
291,59
291,56
291,53
291,51
291,48
291,45
291,43
291,40
291,37
291,34
291,32
291,29
291,26
291,24
291,21
291,18
291,16
291,13
291,10
291,7
291,5
291,2
290,5
290,3
290,0
288,18
288,15
288,13
288,10
288,7
288,5
288,2
287,178
287,175
287,173
287,170
287,167
287,165
287,162
287,159
287,156
287,154
287,151
287,148
287,146
287,143
287,140
287,138
287,135
287,132
287,129
287,127
287,124
287,121
287,119
287,116
287,113
287,110
287,108
287,105
287,102
287,100
287,97
287,94
287,91
287,89
287,86
287,83
287,81
287,78
287,75
287,73
287,70
287,67
287,64
287,46
287,43
287,40
287,38
287,35
287,32
287,29
287,27
287,24
287,21
287,19
287,16
287,13
287,10
287,8
287,5
287,2
287,0
286,6
286,3
286,1
282,23
282,20
282,17
282,15
282,12
282,9
282,7
282,4
282,1
281,3
281,1
280,161
280,158
280,156
280,153
280,150
280,147
280,145
280,142
280,139
280,137
280,134
280,131
280,128
280,120
280,117
280,114
280,112
280,109
280,106
280,104
280,101
280,98
280,95
280,93
280,90
280,87
280,85
280,82
280,79
280,76
280,74
280,71
280,68
280,66
280,63
280,60
280,57
280,55
280,52
280,49
280,47
280,44
280,41
280,39
280,36
280,33
280,30
280,28
280,25
280,22
280,20
280,17
280,14
280,11
280,9
280,6
280,3
280,1
276,3
276,0
274,39
274,37
274,34
274,31
274,29
274,26
274,23
274,20
274,18
274,15
274,12
274,10
274,7
274,4
274,2
273,6
273,3
273,0
272,9
272,6
272,3
272,1
271,7
271,4
271,1
270,5
270,2
268,9
268,7
268,4
268,1
267,8
267,6
267,3
267,0
265,7
265,4
265,1
264,4
264,1
263,4
263,1
262,3
262,0
261,13
261,11
261,8
261,5
261,2
261,0
257,4
257,1
253,6
253,3
253,0
252,6
252,4
252,1
246,8
246,6
246,3
246,0
244,9
244,7
244,4
244,1
243,3
243,0
240,203
240,201
240,198
240,195
240,192
240,80
240,77
240,74
240,72
240,69
240,66
240,63
240,61
240,58
240,55
240,53
240,50
240,47
240,44
240,42
240,39
240,36
240,34
240,31
240,28
240,26
240,23
240,20
240,17
240,15
240,12
240,9
240,7
240,4
240,1
237,166
237,164
237,161
237,158
237,156
237,153
237,150
237,147
237,145
237,142
237,139
237,137
237,134
237,131
237,129
237,122
237,119
237,116
237,114
237,111
237,108
237,106
237,103
237,100
237,97
237,95
237,92
237,89
237,87
237,84
237,81
237,78
237,76
237,73
237,70
237,68
237,65
237,41
237,38
237,36
237,33
237,30
237,28
237,25
237,22
237,20
237,17
237,14
237,11
237,9
237,6
237,3
237,1
236,3
236,0
233,4
233,2
225,127
225,124
225,122
225,119
225,116
225,113
225,111
225,107
225,104
225,102
225,99
225,96
225,94
225,91
225,86
225,83
225,81
225,78
225,75
225,73
225,70
225,67
225,64
225,35
225,32
225,29
225,27
225,24
225,21
225,18
225,16
225,13
225,10
225,8
225,5
214,522
214,519
214,517
214,514
214,487
214,485
214,482
214,479
214,477
214,474
214,471
214,468
214,466
214,463
214,460
214,458
214,455
214,452
214,449
214,447
214,444
214,441
214,439
214,436
214,433
214,430
214,428
214,425
214,422
214,420
214,417
214,414
214,412
214,409
214,406
214,403
214,401
214,398
214,395
214,393
214,390
214,387
214,384
214,382
214,379
214,376
214,374
214,371
214,368
214,365
214,363
214,360
214,357
214,355
214,352
214,349
214,346
214,344
214,341
214,338
214,336
214,333
214,330
214,328
214,325
214,322
214,317
214,315
214,312
214,309
214,307
214,304
214,301
214,298
214,296
214,293
214,290
214,288
214,285
214,282
214,279
214,277
214,274
214,271
214,269
214,266
214,263
214,261
214,258
214,247
214,244
214,242
214,239
214,236
214,234
214,231
214,228
214,225
214,223
214,220
214,217
214,215
214,212
214,209
214,206
214,204
214,201
214,198
214,196
214,193
214,173
214,171
214,168
214,165
214,162
214,160
214,157
214,154
214,152
214,149
214,146
214,143
214,141
214,138
214,135
214,133
214,130
214,127
214,124
214,122
214,119
214,116
214,114
214,111
214,108
214,105
214,103
214,100
214,97
214,95
214,92
214,89
214,87
214,84
214,81
214,78
214,76
214,73
214,70
214,68
214,65
214,55
214,52
214,50
214,47
214,44
214,42
214,39
214,36
214,33
214,31
214,28
214,25
214,23
214,20
214,17
214,15
214,12
214,9
214,6
214,4
214,1
202,5
202,3
202,0
197,4
197,1
193,12
193,9
193,6
193,4
193,1
190,7
190,4
190,2
187,5
187,2
187,0
184,4
184,1
181,5
181,3
181,0
178,8
178,6
178,3
178,0
175,19
175,16
175,13
175,10
175,8
175,5
175,2
175,0
172,37
172,34
172,31
172,29
172,26
172,23
172,21
172,18
172,15
172,12
172,10
172,7
172,4
172,2
169,14
169,11
169,9
169,6
169,3
169,0
166,35
166,32
166,29
166,27
166,24
166,21
166,18
166,16
166,13
166,10
166,8
166,5
166,2
163,17
163,15
163,12
163,9
163,7
163,4
163,1
160,4
160,2
159,16
159,13
159,11
159,8
159,5
159,3
159,0
153,5
153,2
153,0
152,202
152,199
152,197
152,194
152,191
152,188
152,186
152,183
152,180
152,178
152,175
152,172
152,169
152,167
152,164
152,161
152,159
152,156
152,153
152,151
152,148
152,145
152,142
152,140
152,137
152,134
152,132
152,129
152,126
152,123
152,121
152,118
152,115
152,113
152,110
152,107
152,104
152,102
152,99
152,96
152,94
152,91
152,88
152,86
152,83
152,80
152,77
152,75
152,72
152,69
152,67
152,64
152,61
152,58
152,56
152,53
152,50
152,48
152,45
152,42
152,39
152,37
152,34
152,31
152,29
152,26
152,23
152,20
152,18
152,15
152,12
152,10
152,7
152,4
152,2
151,128
151,88
151,85
151,83
151,80
151,77
151,75
151,72
151,69
151,66
151,64
151,61
151,58
151,56
151,53
151,50
151,47
151,45
151,42
151,39
151,37
151,34
151,31
151,29
151,26
151,23
151,20
151,18
151,15
151,12
151,10
151,7
151,4
151,1
120,3
113,7
113,4
113,1
96,3
93,3
92,10
92,8
92,1
80,3
80,0
75,0
74,1
72,3
72,0
71,0
68,3
68,1
61,45
61,42
61,40
61,37
61,34
61,31
61,29
61,26
61,23
61,21
61,18
61,15
61,12
61,10
61,7
61,4
61,2
60,3
59,7
59,2
30,4
30,1
25,1
7,6
7,3
7,0
2,25
2,20
2,15
2,11
2,9
0,561
0,535
0,511
0,508
0,504
0,501
0,499
0,496
0,493
0,491
0,487
0,484
0,481
0,479
0,476
0,473
0,471
0,468
0,465
0,512
0,275
0,422
0,274
0,528
0,273
0,548
0,272
0,538
0,271
0,527
0,270
0,570
0,269
0,526
0,268
0,525
0,267
0,384
0,266
0,437
0,265
0,356
0,264
0,415
0,263
0,345
0,262
0,419
0,261
0,353
0,260
0,533
0,259
0,258
0,524
0,257
0,338
0,256
0,532
0,255
0,414
0,254
0,519
0,253
0,352
0,252
0,333
0,251
0,326
0,250
0,536
0,249
0,518
0,248
0,417
0,247
0,435
0,246
0,416
0,245
0,558
0,244
0,544
0,242
0,557
0,241
0,513
0,240
0,569
0,239
0,547
0,238
0,237
0,446
0,236
0,555
0,235
0,344
0,234
0,325
0,233
0,543
0,232
0,542
0,231
0,541
0,230
0,343
0,229
0,404
0,228
0,521
0,227
0,567
0,226
0,575
0,225
0,324
0,224
0,433
0,223
0,408
0,222
0,505
0,221
0,388
0,220
0,574
0,219
0,531
0,218
0,332
0,217
0,309
0,216
0,311
0,215
0,339
0,214
0,573
0,213
0,315
0,212
0,545
0,211
0,342
0,210
0,351
0,209
0,517
0,208
0,537
0,207
0,516
0,206
0,323
0,205
0,330
0,204
0,554
0,203
0,306
0,202
0,551
0,201
0,566
0,200
0,359
0,199
0,322
0,198
0,550
0,197
0,337
0,196
0,358
0,195
0,341
0,194
0,193
0,564
0,192
0,399
0,63
0,355
0,62
0,357
0,61
0,447
0,60
0,398
0,59
0,522
0,58
0,439
0,57
0,336
0,56
0,530
0,55
0,340
0,54
0,53
0,321
0,52
0,572
0,51
0,50
0,523
0,49
0,319
0,48
0,329
0,47
0,514
0,46
0,426
0,45
0,6
0,5
0,1
0,553
0,11
0,4
0,2
0,3
0,7
